1748405040187 0.21599 0
1748405392976 0.19894 1
1748405745089 0.18152 2
1748406095231 0.19585 3
1748406452459 0.21849 4
1748406802249 0.2332 5
1748407152412 0.26864 6
1748407501848 0.23595 7
1748407853105 0.27561 8
1748408203050 0.27914 9
1748408555568 0.31177 10
1748408906744 0.30187 11
1748409258005 0.31564 12
1748409608681 0.34176 13
1748409959726 0.3329 14
1748410335413 0.34165 15
1748410686866 0.38936 16
1748411037178 0.34921 17
1748411386154 0.39637 18
1748411733490 0.38376 19
1748412082485 0.36812 20
1748412432677 0.39852 21
1748412783907 0.40907 22
1748413132490 0.40596 23
1748413479564 0.38353 24
1748413827352 0.39064 25
1748414175493 0.42718 26
1748414523937 0.43055 27
1748414871777 0.42802 28
1748415221547 0.45499 29
1748415568961 0.43332 30
1748415916040 0.42748 31
1748416263233 0.44967 32
1748416609748 0.4599 33
1748416956857 0.45363 34
1748417307410 0.48029 35
1748417654786 0.47589 36
1748418002725 0.47325 37
1748418348808 0.4762 38
1748418695733 0.48407 39
1748419043983 0.48339 40
1748419393572 0.48956 41
1748419739658 0.50053 42
1748420091241 0.49814 43
1748420441347 0.50364 44
1748420792211 0.49353 45
1748440416409 0.50644 46
