1748405040187 0.4417 0
1748405392976 0.44464 1
1748405745089 0.42363 2
1748406095231 0.43036 3
1748406452459 0.50222 4
1748406802249 0.49378 5
1748407152412 0.53575 6
1748407501848 0.50588 7
1748407853105 0.51723 8
1748408203050 0.57954 9
1748408555568 0.60364 10
1748408906744 0.57148 11
1748409258005 0.58962 12
1748409608681 0.62287 13
1748409959726 0.60614 14
1748410335413 0.62626 15
1748410686866 0.66871 16
1748411037178 0.62665 17
1748411386154 0.70151 18
1748411733490 0.68427 19
1748412082485 0.64903 20
1748412432677 0.67873 21
1748412783907 0.66668 22
1748413132490 0.67497 23
1748413479564 0.65891 24
1748413827352 0.65177 25
1748414175493 0.69109 26
1748414523937 0.7093 27
1748414871777 0.68419 28
1748415221547 0.7203 29
1748415568961 0.6838 30
1748415916040 0.66552 31
1748416263233 0.7162 32
1748416609748 0.71418 33
1748416956857 0.70461 34
1748417307410 0.72979 35
1748417654786 0.72425 36
1748418002725 0.72153 37
1748418348808 0.70701 38
1748418695733 0.73145 39
1748419043983 0.72723 40
1748419393572 0.72345 41
1748419739658 0.73826 42
1748420091241 0.72526 43
1748420441347 0.73668 44
1748420792211 0.70412 45
1748440416409 0.73203 46
