1748405040187 0.67047 0
1748405392976 0.58623 1
1748405745089 0.615 2
1748406095231 0.60602 3
1748406452459 0.63611 4
1748406802249 0.69253 5
1748407152412 0.73823 6
1748407501848 0.57573 7
1748407853105 0.60938 8
1748408203050 0.7105 9
1748408555568 0.6441 10
1748408906744 0.65255 11
1748409258005 0.70988 12
1748409608681 0.69246 13
1748409959726 0.67454 14
1748410335413 0.62717 15
1748410686866 0.75131 16
1748411037178 0.71672 17
1748411386154 0.69708 18
1748411733490 0.67383 19
1748412082485 0.743 20
1748412432677 0.72809 21
1748412783907 0.7017 22
1748413132490 0.65907 23
1748413479564 0.68978 24
1748413827352 0.72593 25
1748414175493 0.71769 26
1748414523937 0.70489 27
1748414871777 0.68466 28
1748415221547 0.6892 29
1748415568961 0.69538 30
1748415916040 0.62298 31
1748416263233 0.63936 32
1748416609748 0.76095 33
1748416956857 0.6962 34
1748417307410 0.74564 35
1748417654786 0.69482 36
1748418002725 0.71946 37
1748418348808 0.71895 38
1748418695733 0.67923 39
1748419043983 0.6586 40
1748419393572 0.68476 41
1748419739658 0.74317 42
1748420091241 0.69844 43
1748420441347 0.74135 44
1748420792211 0.67511 45
1748440416409 0.62769 46
