1748405040187 0.381 0
1748405392976 0.36617 1
1748405745089 0.38448 2
1748406095231 0.4298 3
1748406452459 0.45142 4
1748406802249 0.43431 5
1748407152412 0.40915 6
1748407501848 0.52162 7
1748407853105 0.51563 8
1748408203050 0.51909 9
1748408555568 0.5316 10
1748408906744 0.50828 11
1748409258005 0.54508 12
1748409608681 0.57036 13
1748409959726 0.57321 14
1748410335413 0.57835 15
1748410686866 0.58787 16
1748411037178 0.55909 17
1748411386154 0.61181 18
1748411733490 0.6097 19
1748412082485 0.60671 20
1748412432677 0.64025 21
1748412783907 0.6373 22
1748413132490 0.622 23
1748413479564 0.57499 24
1748413827352 0.59421 25
1748414175493 0.67088 26
1748414523937 0.63349 27
1748414871777 0.61905 28
1748415221547 0.67007 29
1748415568961 0.62288 30
1748415916040 0.644 31
1748416263233 0.68109 32
1748416609748 0.68575 33
1748416956857 0.6835 34
1748417307410 0.67503 35
1748417654786 0.69178 36
1748418002725 0.65961 37
1748418348808 0.66545 38
1748418695733 0.71785 39
1748419043983 0.71589 40
1748419393572 0.68303 41
1748419739658 0.68717 42
1748420091241 0.68489 43
1748420441347 0.6971 44
1748420792211 0.68983 45
1748440416409 0.71608 46
