1748319603982 0.33251 0
1748320054508 0.31699 1
1748320499900 0.30999 2
1748320945578 0.40909 3
1748321391782 0.42496 4
1748321836620 0.52868 5
1748322281100 0.50503 6
1748322746370 0.52581 7
1748323189218 0.56389 8
1748323638911 0.52951 9
1748324082801 0.56979 10
1748324526095 0.58224 11
1748324969819 0.60487 12
1748325423416 0.59356 13
1748325867129 0.60363 14
1748326313565 0.60853 15
1748326759493 0.63397 16
1748327205209 0.62796 17
1748327649694 0.6192 18
1748328095116 0.5977 19
1748328546658 0.63849 20
1748328991593 0.64732 21
1748329437558 0.6743 22
1748329881846 0.65293 23
1748330325245 0.6205 24
1748330769606 0.65528 25
1748331213846 0.679 26
1748331639583 0.67011 27
1748332056832 0.68962 28
1748332473987 0.68068 29
1748332893075 0.70883 30
1748333309905 0.67787 31
1748333731274 0.69796 32
1748334149393 0.68444 33
1748334568198 0.69229 34
1748334986815 0.71923 35
1748335405415 0.74973 36
1748335821328 0.71623 37
1748336237693 0.72101 38
1748336655656 0.72086 39
1748354433870 0.71266 40
1748354844900 0.71182 41
1748355262378 0.71737 42
1748355680311 0.68901 43
1748356097936 0.72991 44
1748356515165 0.71754 45
1748356932731 0.73484 46
1748357351027 0.74066 47
1748357768780 0.74445 48
1748358187221 0.7346 49
1748358605422 0.73829 50
1748359023440 0.72807 51
1748359442019 0.73376 52
1748359860221 0.7371 53
1748360279105 0.72976 54
1748360696612 0.71886 55
1748361114812 0.72697 56
1748361533711 0.73795 57
1748361951952 0.73767 58
1748362370629 0.72847 59
1748362789780 0.72945 60
1748363208704 0.71978 61
1748363627972 0.72385 62
1748364045294 0.73331 63
1748364463423 0.73862 64
