1748319603982 0.14471 0
1748320054508 0.13531 1
1748320499900 0.11584 2
1748320945578 0.17298 3
1748321391782 0.17028 4
1748321836620 0.23423 5
1748322281100 0.22509 6
1748322746370 0.25922 7
1748323189218 0.25755 8
1748323638911 0.27286 9
1748324082801 0.26412 10
1748324526095 0.33326 11
1748324969819 0.30301 12
1748325423416 0.32548 13
1748325867129 0.32708 14
1748326313565 0.31275 15
1748326759493 0.34276 16
1748327205209 0.33132 17
1748327649694 0.33011 18
1748328095116 0.32242 19
1748328546658 0.35414 20
1748328991593 0.36304 21
1748329437558 0.38397 22
1748329881846 0.37529 23
1748330325245 0.3651 24
1748330769606 0.3784 25
1748331213846 0.40219 26
1748331639583 0.39526 27
1748332056832 0.40679 28
1748332473987 0.40848 29
1748332893075 0.40118 30
1748333309905 0.3921 31
1748333731274 0.4099 32
1748334149393 0.41524 33
1748334568198 0.42324 34
1748334986815 0.44099 35
1748335405415 0.45168 36
1748335821328 0.44405 37
1748336237693 0.4454 38
1748336655656 0.44391 39
1748354433870 0.44446 40
1748354844900 0.45632 41
1748355262378 0.46645 42
1748355680311 0.44375 43
1748356097936 0.45699 44
1748356515165 0.46381 45
1748356932731 0.46915 46
1748357351027 0.46308 47
1748357768780 0.48378 48
1748358187221 0.48137 49
1748358605422 0.47768 50
1748359023440 0.4815 51
1748359442019 0.48005 52
1748359860221 0.49278 53
1748360279105 0.48954 54
1748360696612 0.49114 55
1748361114812 0.49717 56
1748361533711 0.50536 57
1748361951952 0.50838 58
1748362370629 0.50009 59
1748362789780 0.49881 60
1748363208704 0.50426 61
1748363627972 0.50644 62
1748364045294 0.51462 63
1748364463423 0.51952 64
