1748319603982 0.53092 0
1748320054508 0.66455 1
1748320499900 0.43813 2
1748320945578 0.69134 3
1748321391782 0.55095 4
1748321836620 0.70927 5
1748322281100 0.65143 6
1748322746370 0.65681 7
1748323189218 0.66028 8
1748323638911 0.72275 9
1748324082801 0.69962 10
1748324526095 0.7897 11
1748324969819 0.66747 12
1748325423416 0.71771 13
1748325867129 0.72053 14
1748326313565 0.63122 15
1748326759493 0.69531 16
1748327205209 0.69669 17
1748327649694 0.67956 18
1748328095116 0.62768 19
1748328546658 0.70627 20
1748328991593 0.67208 21
1748329437558 0.77501 22
1748329881846 0.64792 23
1748330325245 0.79711 24
1748330769606 0.68529 25
1748331213846 0.62235 26
1748331639583 0.68769 27
1748332056832 0.67721 28
1748332473987 0.67496 29
1748332893075 0.72424 30
1748333309905 0.62503 31
1748333731274 0.65226 32
1748334149393 0.68017 33
1748334568198 0.6637 34
1748334986815 0.72398 35
1748335405415 0.69444 36
1748335821328 0.67439 37
1748336237693 0.72328 38
1748336655656 0.69282 39
1748354433870 0.72767 40
1748354844900 0.70264 41
1748355262378 0.70158 42
1748355680311 0.68727 43
1748356097936 0.70901 44
1748356515165 0.68212 45
1748356932731 0.73136 46
1748357351027 0.731 47
1748357768780 0.77768 48
1748358187221 0.75353 49
1748358605422 0.72175 50
1748359023440 0.6908 51
1748359442019 0.68713 52
1748359860221 0.67925 53
1748360279105 0.72789 54
1748360696612 0.70578 55
1748361114812 0.78454 56
1748361533711 0.76156 57
1748361951952 0.74153 58
1748362370629 0.71321 59
1748362789780 0.76436 60
1748363208704 0.74985 61
1748363627972 0.78409 62
1748364045294 0.73698 63
1748364463423 0.75632 64
