1748319603982 0.32343 0
1748320054508 0.29278 1
1748320499900 0.30854 2
1748320945578 0.31111 3
1748321391782 0.42584 4
1748321836620 0.39967 5
1748322281100 0.44228 6
1748322746370 0.49366 7
1748323189218 0.50143 8
1748323638911 0.4375 9
1748324082801 0.3748 10
1748324526095 0.44829 11
1748324969819 0.55427 12
1748325423416 0.47862 13
1748325867129 0.48785 14
1748326313565 0.58164 15
1748326759493 0.58464 16
1748327205209 0.56845 17
1748327649694 0.56765 18
1748328095116 0.57775 19
1748328546658 0.59905 20
1748328991593 0.6265 21
1748329437558 0.5956 22
1748329881846 0.59857 23
1748330325245 0.54265 24
1748330769606 0.5892 25
1748331213846 0.62154 26
1748331639583 0.62877 27
1748332056832 0.62146 28
1748332473987 0.66976 29
1748332893075 0.64537 30
1748333309905 0.67001 31
1748333731274 0.65608 32
1748334149393 0.64046 33
1748334568198 0.63487 34
1748334986815 0.63947 35
1748335405415 0.68699 36
1748335821328 0.67585 37
1748336237693 0.68346 38
1748336655656 0.6686 39
1748354433870 0.65917 40
1748354844900 0.66558 41
1748355262378 0.6777 42
1748355680311 0.66681 43
1748356097936 0.68914 44
1748356515165 0.69644 45
1748356932731 0.69125 46
1748357351027 0.70421 47
1748357768780 0.67043 48
1748358187221 0.68807 49
1748358605422 0.69535 50
1748359023440 0.68883 51
1748359442019 0.69809 52
1748359860221 0.70572 53
1748360279105 0.6756 54
1748360696612 0.674 55
1748361114812 0.66931 56
1748361533711 0.66592 57
1748361951952 0.68054 58
1748362370629 0.68943 59
1748362789780 0.68646 60
1748363208704 0.66692 61
1748363627972 0.65857 62
1748364045294 0.68132 63
1748364463423 0.68187 64
1748364882517 0.68215 65
1748365324395 0.68962 66
1748365766554 0.67975 67
1748366207049 0.67657 68
1748366647076 0.67771 69
1748367089237 0.69259 70
1748367533758 0.69474 71
1748367974782 0.68917 72
1748368417094 0.69553 73
1748368843588 0.69872 74
1748369261962 0.70168 75
1748369680054 0.70656 76
1748370098768 0.70906 77
1748370518604 0.71157 78
1748370938316 0.69853 79
1748371356105 0.6898 80
1748371774133 0.69011 81
1748372195417 0.68882 82
1748372614291 0.69134 83
1748373031646 0.68658 84
1748373450836 0.6982 85
1748373870658 0.69758 86
1748374289177 0.69648 87
1748374708376 0.69423 88
1748375148389 0.69118 89
1748375590741 0.68364 90
1748376023518 0.68364 91
1748376449981 0.6849 92
1748376876262 0.68968 93
1748377301604 0.68602 94
1748377728187 0.68561 95
1748378154095 0.68536 96
1748378579905 0.68836 97
1748378998648 0.68393 98
1748379415798 0.68019 99
1748379833809 0.67964 100
1748380252151 0.67976 101
1748380668499 0.68158 102
1748381085887 0.68115 103
1748381502933 0.68182 104
1748381919917 0.68178 105
1748382335493 0.6809 106
1748382752115 0.67911 107
1748383168535 0.68333 108
1748383584493 0.68553 109
1748383999859 0.69327 110
1748384416677 0.69275 111
1748384834281 0.69558 112
1748385253275 0.69446 113
1748385669973 0.68865 114
1748386087314 0.68844 115
1748386500496 0.69279 116
1748386914075 0.69088 117
1748387330328 0.69362 118
1748387749525 0.6981 119
1748388168678 0.6979 120
1748388587558 0.68626 121
