1748405021452 0.0033285782215882074 0
1748405390876 0.0066616511866387325 1
1748405742942 0.009993682368556257 2
1748406092904 0.009996482889570916 3
1748406450269 0.009993747935199786 4
1748406799707 0.009990232305719944 5
1748407149958 0.00998593655629004 6
1748407499510 0.009980861365258704 7
1748407850923 0.009975007534057436 8
1748408200603 0.009968375987074042 9
1748408553083 0.009960967771506665 10
1748408904428 0.009952784057198424 11
1748409255840 0.009943826136452675 12
1748409606290 0.009934095423828946 13
1748409957385 0.009923593455919566 14
1748410332475 0.00991232189110701 15
1748410684630 0.009900282509302022 16
1748411034809 0.009887477211662558 17
1748411383712 0.009873908020293557 18
1748411731177 0.009859577077927636 19
1748412080408 0.009844486647586725 20
1748412430369 0.009828639112224705 21
1748412781547 0.009812036974351125 22
1748413130143 0.00979468285563601 23
1748413477450 0.009776579496495883 24
1748413825057 0.009757729755661011 25
1748414173121 0.009738136609723985 26
1748414521626 0.00971780315266968 27
1748414869769 0.009696732595386677 28
1748415219037 0.00967492826516023 29
1748415566652 0.009652393605146845 30
1748415913836 0.009629132173830567 31
1748416261221 0.009605147644461059 32
1748416607297 0.009580443804473543 33
1748416954547 0.00955502455489073 34
1748417304939 0.009528893909706798 35
1748417652690 0.009502055995253536 36
1748418000389 0.009474515049548755 37
1748418346459 0.009446275421627046 38
1748418693359 0.009417341570853019 39
1748419042011 0.009387718066217125 40
1748419391155 0.009357409585614153 41
1748419737240 0.009326420915104534 42
1748420088882 0.009294756948158579 43
1748420439274 0.009262422684883725 44
1748420789605 0.009229423231234974 45
1748440405032 0.009195763798208603 46
