1748389416877 0.19969 0
1748389597330 0.24209 1
1748389777417 0.15516 2
1748389955579 0.14383 3
1748390134158 0.25198 4
1748390312857 0.26099 5
1748390491534 0.24667 6
1748390672357 0.24977 7
1748390851264 0.31052 8
1748391029360 0.30743 9
1748391206839 0.27915 10
1748391386320 0.33626 11
1748391564501 0.32843 12
1748391756131 0.33765 13
1748391956637 0.34612 14
1748392135450 0.34728 15
1748392314379 0.33424 16
1748392493918 0.3639 17
1748392671333 0.30632 18
1748392857102 0.3459 19
1748393036928 0.37216 20
1748393215191 0.37034 21
1748393393999 0.37703 22
1748393572747 0.37758 23
1748393765870 0.37524 24
1748393944419 0.33606 25
1748394124777 0.39256 26
1748394302036 0.41134 27
1748394478533 0.40342 28
1748394656926 0.38176 29
1748394835789 0.41095 30
1748395031916 0.4382 31
1748395211668 0.42565 32
1748395390725 0.44587 33
1748395569097 0.43652 34
1748395747942 0.45523 35
1748395925205 0.43547 36
1748396105149 0.44642 37
1748396283800 0.45825 38
1748396462411 0.45316 39
1748396641314 0.47963 40
1748396819980 0.46972 41
1748397008691 0.47812 42
1748397186963 0.46993 43
1748397391099 0.47125 44
1748397609497 0.45019 45
1748397789183 0.46472 46
1748397967842 0.48257 47
1748398146676 0.49722 48
1748398325188 0.4927 49
1748398505542 0.49405 50
1748398686536 0.50698 51
1748398863499 0.50319 52
1748399042570 0.50099 53
1748399221092 0.52035 54
1748399402574 0.51935 55
1748399612798 0.51102 56
1748399822531 0.51495 57
1748400019732 0.51588 58
1748400215564 0.51412 59
1748400420580 0.52311 60
1748400659279 0.52481 61
1748400835702 0.52939 62
1748401024769 0.52491 63
1748401245575 0.52511 64
1748401462159 0.53228 65
1748401647506 0.53069 66
1748401825526 0.52859 67
1748402002815 0.53529 68
1748402177186 0.53861 69
1748402353063 0.54148 70
1748402529032 0.54091 71
1748402704769 0.54259 72
1748402881190 0.53478 73
1748403056560 0.5288 74
1748403232912 0.53143 75
1748403409169 0.53558 76
1748403584572 0.53638 77
1748403760128 0.53701 78
1748403935984 0.53881 79
1748404111564 0.54308 80
1748404287250 0.54031 81
1748404463791 0.54147 82
1748404470009 0.5422554450312735 82
