1748389416877 0.40314 0
1748389597330 0.50682 1
1748389777417 0.36929 2
1748389955579 0.32648 3
1748390134158 0.51326 4
1748390312857 0.5266 5
1748390491534 0.5127 6
1748390672357 0.5039 7
1748390851264 0.58732 8
1748391029360 0.58947 9
1748391206839 0.573 10
1748391386320 0.63205 11
1748391564501 0.60138 12
1748391756131 0.64202 13
1748391956637 0.63678 14
1748392135450 0.63849 15
1748392314379 0.60541 16
1748392493918 0.65373 17
1748392671333 0.6003 18
1748392857102 0.67071 19
1748393036928 0.68086 20
1748393215191 0.66748 21
1748393393999 0.64467 22
1748393572747 0.64921 23
1748393765870 0.66765 24
1748393944419 0.60965 25
1748394124777 0.6571 26
1748394302036 0.70311 27
1748394478533 0.70524 28
1748394656926 0.66 29
1748394835789 0.65938 30
1748395031916 0.7003 31
1748395211668 0.70951 32
1748395390725 0.72071 33
1748395569097 0.70977 34
1748395747942 0.73322 35
1748395925205 0.68884 36
1748396105149 0.70799 37
1748396283800 0.69938 38
1748396462411 0.71578 39
1748396641314 0.71963 40
1748396819980 0.70434 41
1748397008691 0.74546 42
1748397186963 0.70746 43
1748397391099 0.7137 44
1748397609497 0.69205 45
1748397789183 0.70962 46
1748397967842 0.71889 47
1748398146676 0.73414 48
1748398325188 0.73812 49
1748398505542 0.72488 50
1748398686536 0.72351 51
1748398863499 0.73084 52
1748399042570 0.73222 53
1748399221092 0.7431 54
1748399402574 0.73256 55
1748399612798 0.73702 56
1748399822531 0.74884 57
1748400019732 0.74531 58
1748400215564 0.74525 59
1748400420580 0.7476 60
1748400659279 0.74188 61
1748400835702 0.7463 62
1748401024769 0.74526 63
1748401245575 0.74293 64
1748401462159 0.75574 65
1748401647506 0.74464 66
1748401825526 0.73588 67
1748402002815 0.73394 68
1748402177186 0.74148 69
1748402353063 0.74484 70
1748402529032 0.74633 71
1748402704769 0.74334 72
1748402881190 0.73771 73
1748403056560 0.73473 74
1748403232912 0.73736 75
1748403409169 0.74047 76
1748403584572 0.74078 77
1748403760128 0.73732 78
1748403935984 0.73654 79
1748404111564 0.73754 80
1748404287250 0.7382 81
1748404463791 0.73853 82
1748404470009 0.7434410821851273 82
