1748389416877 0.48822 0
1748389597330 0.49415 1
1748389777417 0.53818 2
1748389955579 0.31768 3
1748390134158 0.57138 4
1748390312857 0.63325 5
1748390491534 0.63343 6
1748390672357 0.63252 7
1748390851264 0.69044 8
1748391029360 0.73902 9
1748391206839 0.76877 10
1748391386320 0.87194 11
1748391564501 0.7265 12
1748391756131 0.7341 13
1748391956637 0.62717 14
1748392135450 0.54316 15
1748392314379 0.64914 16
1748392493918 0.71233 17
1748392671333 0.55658 18
1748392857102 0.71948 19
1748393036928 0.84238 20
1748393215191 0.6689 21
1748393393999 0.68214 22
1748393572747 0.65554 23
1748393765870 0.73225 24
1748393944419 0.57202 25
1748394124777 0.75195 26
1748394302036 0.75903 27
1748394478533 0.65878 28
1748394656926 0.72765 29
1748394835789 0.70166 30
1748395031916 0.88367 31
1748395211668 0.90914 32
1748395390725 0.72469 33
1748395569097 0.79869 34
1748395747942 0.68429 35
1748395925205 0.69258 36
1748396105149 0.71518 37
1748396283800 0.6907 38
1748396462411 0.85742 39
1748396641314 0.70197 40
1748396819980 0.79301 41
1748397008691 0.74264 42
1748397186963 0.76993 43
1748397391099 0.73752 44
1748397609497 0.69693 45
1748397789183 0.67283 46
1748397967842 0.78048 47
1748398146676 0.7237 48
1748398325188 0.78601 49
1748398505542 0.78315 50
1748398686536 0.76327 51
1748398863499 0.71348 52
1748399042570 0.7265 53
1748399221092 0.96146 54
1748399402574 0.73779 55
1748399612798 0.70626 56
1748399822531 0.81197 57
1748400019732 0.78582 58
1748400215564 0.81483 59
1748400420580 0.83441 60
1748400659279 0.80175 61
1748400835702 0.7931 62
1748401024769 0.80171 63
1748401245575 0.87496 64
1748401462159 0.79913 65
1748401647506 0.76999 66
1748401825526 0.75622 67
1748402002815 0.83284 68
1748402177186 0.80739 69
1748402353063 0.7979 70
1748402529032 0.83851 71
1748402704769 0.72599 72
1748402881190 0.73803 73
1748403056560 0.74522 74
1748403232912 0.73849 75
1748403409169 0.7337 76
1748403584572 0.73067 77
1748403760128 0.75727 78
1748403935984 0.91287 79
1748404111564 0.91397 80
1748404287250 0.77095 81
1748404463791 0.85585 82
1748404470009 0.7248462425154436 82
