1748389416877 0.47577 0
1748389597330 0.47458 1
1748389777417 0.29952 2
1748389955579 0.46991 3
1748390134158 0.49737 4
1748390312857 0.45646 5
1748390491534 0.4853 6
1748390672357 0.52019 7
1748390851264 0.53191 8
1748391029360 0.49449 9
1748391206839 0.4559 10
1748391386320 0.49179 11
1748391564501 0.50379 12
1748391756131 0.51533 13
1748391956637 0.60195 14
1748392135450 0.46881 15
1748392314379 0.53116 16
1748392493918 0.52588 17
1748392671333 0.60409 18
1748392857102 0.56737 19
1748393036928 0.53314 20
1748393215191 0.62127 21
1748393393999 0.57385 22
1748393572747 0.64356 23
1748393765870 0.59466 24
1748393944419 0.64006 25
1748394124777 0.52823 26
1748394302036 0.62515 27
1748394478533 0.68637 28
1748394656926 0.57 29
1748394835789 0.62384 30
1748395031916 0.5754 31
1748395211668 0.53993 32
1748395390725 0.64297 33
1748395569097 0.56148 34
1748395747942 0.67829 35
1748395925205 0.658 36
1748396105149 0.65159 37
1748396283800 0.65057 38
1748396462411 0.59708 39
1748396641314 0.67052 40
1748396819980 0.62861 41
1748397008691 0.66864 42
1748397186963 0.64044 43
1748397391099 0.56131 44
1748397609497 0.64823 45
1748397789183 0.65589 46
1748397967842 0.63164 47
1748398146676 0.58498 48
1748398325188 0.64724 49
1748398505542 0.63275 50
1748398686536 0.65159 51
1748398863499 0.67427 52
1748399042570 0.66508 53
1748399221092 0.61211 54
1748399402574 0.60668 55
1748399612798 0.6046 56
1748399822531 0.63561 57
1748400019732 0.65023 58
1748400215564 0.603 59
1748400420580 0.60749 60
1748400659279 0.6487 61
1748400835702 0.6497 62
1748401024769 0.62724 63
1748401245575 0.60598 64
1748401462159 0.65395 65
1748401647506 0.66267 66
1748401825526 0.6571 67
1748402002815 0.60926 68
1748402177186 0.62244 69
1748402353063 0.62212 70
1748402529032 0.62789 71
1748402704769 0.66809 72
1748402881190 0.6567 73
1748403056560 0.65568 74
1748403232912 0.65639 75
1748403409169 0.65977 76
1748403584572 0.65978 77
1748403760128 0.66026 78
1748403935984 0.61926 79
1748404111564 0.61672 80
1748404287250 0.6591 81
1748404463791 0.62003 82
1748404470009 0.6705690053711989 82
