1748389410141 0.003328584995251662 0
1748389596081 0.006661657960037451 1
1748389776182 0.009993689141160809 2
1748389954345 0.009996482889570916 3
1748390132982 0.009993747935199786 4
1748390311531 0.009990232305719944 5
1748390490343 0.00998593655629004 6
1748390671118 0.009980861365258704 7
1748390850039 0.009975007534057436 8
1748391028200 0.009968375987074042 9
1748391205642 0.009960967771506665 10
1748391384879 0.009952784057198424 11
1748391563328 0.009943826136452675 12
1748391754897 0.009934095423828946 13
1748391955338 0.009923593455919566 14
1748392134253 0.00991232189110701 15
1748392313232 0.009900282509302022 16
1748392492708 0.009887477211662558 17
1748392670131 0.009873908020293557 18
1748392855942 0.009859577077927636 19
1748393035739 0.009844486647586725 20
1748393214008 0.009828639112224705 21
1748393392764 0.009812036974351125 22
1748393571230 0.00979468285563601 23
1748393764716 0.009776579496495883 24
1748393943285 0.009757729755661011 25
1748394123573 0.009738136609723985 26
1748394300865 0.00971780315266968 27
1748394477286 0.009696732595386677 28
1748394655780 0.00967492826516023 29
1748394834614 0.009652393605146845 30
1748395030722 0.009629132173830567 31
1748395210508 0.009605147644461059 32
1748395389504 0.009580443804473543 33
1748395567956 0.00955502455489073 34
1748395746752 0.009528893909706798 35
1748395924020 0.009502055995253536 36
1748396103946 0.009474515049548755 37
1748396282639 0.009446275421627046 38
1748396461145 0.009417341570853019 39
1748396640066 0.009387718066217125 40
1748396818758 0.009357409585614153 41
1748397007442 0.009326420915104534 42
1748397185800 0.009294756948158579 43
1748397389921 0.009262422684883725 44
1748397608273 0.009229423231234974 45
1748397787962 0.009195763798208603 46
1748397966703 0.009161449701019272 47
1748398145449 0.009126486358260716 48
1748398324041 0.00909087929105006 49
1748398504399 0.00905463412215599 50
1748398685351 0.00901775657511084 51
1748398862345 0.008980252473306785 52
1748399039312 0.008942127739076263 53
1748399219878 0.008903388392756766 54
1748399401451 0.008864040551740157 55
1748399609344 0.008824090429506668 56
1748399821372 0.008783544334643715 57
1748400018560 0.008742408669849702 58
1748400214368 0.008700689930922961 59
1748400418996 0.008658394705735989 60
1748400657685 0.008615529673195139 61
1748400834518 0.008572101602185963 62
1748401023626 0.008528117350504303 63
1748401243969 0.008483583863773384 64
1748401460960 0.00843850817434701 65
1748401646415 0.008392897400199072 66
1748401824297 0.008346758743799546 67
1748402001721 0.008300099490977134 68
1748402176080 0.008252927009768748 69
1748402351897 0.008205248749256015 70
1748402527869 0.008157072238388968 71
1748402703602 0.008108405084797154 72
1748402880082 0.008059254973588297 73
1748403055420 0.00800962966613472 74
1748403231785 0.007959536998847742 75
1748403408035 0.007908984881940225 76
1748403583466 0.007857981298177445 77
1748403759050 0.007806534301616532 78
1748403934886 0.0077546520163346315 79
1748404110465 0.007702342635146034 80
1748404286183 0.007649614418308414 81
1748404462628 0.007596475692218459 82
