1748319601705 0.0033285782215882074 0
1748320052485 0.006635530385164051 1
1748320497863 0.009916082548739895 2
1748320943439 0.0098812 3
1748321389712 0.0098416 4
1748321834562 0.009802 5
1748322279009 0.009762400000000001 6
1748322744319 0.0097228 7
1748323187142 0.0096832 8
1748323636854 0.0096436 9
1748324080766 0.009604 10
1748324524012 0.009564399999999999 11
1748324967799 0.0095248 12
1748325421369 0.0094852 13
1748325865151 0.0094456 14
1748326311545 0.009406 15
1748326757389 0.009366399999999999 16
1748327203146 0.0093268 17
1748327647632 0.0092872 18
1748328093096 0.0092476 19
1748328544227 0.009208000000000001 20
1748328989554 0.0091684 21
1748329435456 0.009128800000000001 22
1748329879754 0.0090892 23
1748330323211 0.0090496 24
1748330767610 0.00901 25
1748331211774 0.008970400000000002 26
1748331637683 0.008930800000000001 27
1748332054872 0.0088912 28
1748332472061 0.008851600000000001 29
1748332891174 0.008812 30
1748333308045 0.0087724 31
1748333729364 0.008732799999999999 32
1748334147407 0.0086932 33
1748334566292 0.008653600000000001 34
1748334984847 0.008614 35
1748335403489 0.0085744 36
1748335819484 0.0085348 37
1748336235834 0.0084952 38
1748336653793 0.0084556 39
1748354432007 0.008416 40
1748354843008 0.008376399999999999 41
1748355260466 0.0083368 42
1748355678467 0.008297200000000001 43
1748356096067 0.0082576 44
1748356513316 0.008218000000000001 45
1748356930848 0.0081784 46
1748357349162 0.0081388 47
1748357766888 0.0080992 48
1748358185330 0.0080596 49
1748358603561 0.008020000000000001 50
1748359021573 0.0079804 51
1748359440146 0.0079408 52
1748359858310 0.0079012 53
1748360277251 0.007861600000000002 54
1748360694622 0.007822 55
1748361112856 0.007782400000000001 56
1748361531761 0.0077428 57
1748361950050 0.0077032 58
1748362368733 0.0076636000000000004 59
1748362787913 0.007624 60
1748363206810 0.0075844 61
1748363626048 0.007544800000000001 62
1748364043408 0.0075052 63
1748364461510 0.0074656 64
